<?xml version="1.0"?>
<opencv_storage>
<type>1</type>
<nlocs>8</nlocs>
<ids type_id="opencv-matrix">
  <rows>1</rows>
  <cols>8</cols>
  <dt>i</dt>
  <data>
    7 6 5 4 3 2 1 0</data></ids>
<locations type_id="opencv-matrix">
  <rows>8</rows>
  <cols>4</cols>
  <dt>"3f"</dt>
  <data>
    0. 0. 0.        60. 0. 0.       60. -60. 0.     0. -60. 0.
    70. 0. 0.       130. 0. 0.      130. -60. 0.    70. -60. 0.
    0. -70. 0.      60. -70. 0.     60. -130. 0.    0. -130. 0.
    70. -70. 0.     130. -70. 0.    130. -130. 0.   70. -130. 0.
    150. 0. 0.      280. 0. 0.      280. -130. 0.   150. -130. 0.
    0. -150. 0.     130. -150. 0.   130. -280. 0.   0. -280. 0.
    150. -150. 0.   280. -150. 0.   280. -280. 0.   150. -280. 0.
    300. 0. 0.      580. 0. 0.      580. -280. 0.   300. -280. 0.</data></locations>
<childBoard>""</childBoard>
</opencv_storage>
