<?xml version="1.0"?>
<opencv_storage>
<calibration_Time>"11/09/15 23:11:44"</calibration_Time>
<nrOfFrames>25</nrOfFrames>
<image_Width>640</image_Width>
<image_Height>480</image_Height>
<board_Width>9</board_Width>
<board_Height>6</board_Height>
<square_Size>25.</square_Size>
<!-- flags:  +fix_principal_point -->
<flagValue>4</flagValue>
<Camera_Matrix type_id="opencv-matrix">
  <rows>3</rows>
  <cols>3</cols>
  <dt>d</dt>
  <data>
    8.6393659319501160e+002 0. 3.1950000000000000e+002 0.
    8.7182333445336644e+002 2.3950000000000000e+002 0. 0. 1.</data></Camera_Matrix>
<Distortion_Coefficients type_id="opencv-matrix">
  <rows>5</rows>
  <cols>1</cols>
  <dt>d</dt>
  <data>
    4.8258258047349462e-001 -4.5335371010420538e+000
    -9.7413054557134813e-003 6.7349054713273914e-003
    1.5856748991166301e+001</data></Distortion_Coefficients>
<Avg_Reprojection_Error>8.8101034956186597e-001</Avg_Reprojection_Error>
<Per_View_Reprojection_Errors type_id="opencv-matrix">
  <rows>25</rows>
  <cols>1</cols>
  <dt>f</dt>
  <data>
    6.76282823e-001 6.43374443e-001 6.62181079e-001 7.39361346e-001
    1.06682265e+000 2.85855794e+000 1.13973665e+000 1.05468094e+000
    1.05187905e+000 5.58353543e-001 4.38930959e-001 4.20907766e-001
    3.96877080e-001 4.51140642e-001 4.13212895e-001 4.61772323e-001
    4.19986039e-001 4.51367497e-001 4.90343839e-001 5.27327538e-001
    5.82234859e-001 6.06910825e-001 6.28911614e-001 7.81080365e-001
    8.26196790e-001</data></Per_View_Reprojection_Errors>
<!-- a set of 6-tuples (rotation vector + translation vector) for each view -->
<Extrinsic_Parameters type_id="opencv-matrix">
  <rows>25</rows>
  <cols>6</cols>
  <dt>d</dt>
  <data>
    -4.3749646045572377e-001 -1.2356165204411691e-001
    8.2147037557794275e-002 -1.7917534873757862e+002
    -2.6677498442835713e+001 6.3816321030279539e+002
    -4.3992693149664419e-001 -1.2653023486565718e-001
    8.2931849756067627e-002 -1.8014456137247669e+002
    -2.7063152011512706e+001 6.3895058081796071e+002
    -4.4022805316183516e-001 -1.2293034637600636e-001
    8.5277563624875222e-002 -1.8099327079523695e+002
    -2.7609879607884892e+001 6.3922216579673648e+002
    -4.2238654469048093e-001 -1.0268478650395294e-001
    8.4530944234207567e-002 -1.8657383734476190e+002
    -2.9960656966145844e+001 6.3646871889024646e+002
    -4.2404398318577635e-001 -5.9470818972135957e-002
    4.4565880547289015e-002 -2.0492354112929434e+002
    -3.3011398590720006e+001 6.3988209017485542e+002
    -3.8410060868463075e-001 -7.4683370553393982e-002
    1.6713018795783869e-002 -1.8525641311281905e+002
    -3.5397088213046970e+001 6.3795063694878797e+002
    -3.8785378955506417e-001 -1.2451833003395063e-001
    5.7070183099710854e-002 -1.1240736976052376e+002
    -3.5289465501412579e+001 6.6164783593379934e+002
    -4.0477746008203880e-001 -1.2711723571289105e-001
    6.7065349146387634e-002 -9.9790271933496371e+001
    -3.3192018315535954e+001 6.6438348522332637e+002
    -4.4145283536253616e-001 -7.4582504766839031e-002
    6.1335791652115230e-002 -8.6441394626914047e+001
    -3.4587246385581125e+001 6.7528037321487022e+002
    -4.2646848970571721e-001 -1.0821540409085464e-001
    7.0981869438628206e-002 -8.1216235225658934e+001
    -3.8134450737544334e+001 6.6920350957912410e+002
    -4.0218350384133000e-001 -1.0887593215190822e-001
    7.1993885093933840e-002 -7.2962504562530228e+001
    -4.0759454408644423e+001 6.7008757240364105e+002
    -4.1712041781784215e-001 -1.0227064446325224e-001
    7.5162140312495851e-002 -5.7588943196770316e+001
    -4.5288026298291612e+001 6.7491155796340831e+002
    -4.2101560972240765e-001 -1.1032953659178313e-001
    7.4901768656440812e-002 -5.0556462783380795e+001
    -4.6802804142735440e+001 6.7706001556630633e+002
    -4.2817464939588645e-001 -1.1835385059345886e-001
    6.9638279613356391e-002 -4.2543420525928212e+001
    -4.8461603860344340e+001 6.7966705607929055e+002
    -4.4759878729087194e-001 -5.6494065108339313e-002
    6.4626706137859466e-002 -2.5005134881183611e+001
    -5.0545037165131824e+001 6.9679549726672542e+002
    -4.4640828309629377e-001 -4.0125164007775500e-002
    6.1596597859690204e-002 -1.7802265778924617e+001
    -5.0752389993865350e+001 6.9862609205515469e+002
    -4.5108240318699450e-001 -2.9717313029802187e-002
    5.4740160010149815e-002 -1.0678324765879305e+001
    -5.1870359479698820e+001 6.9887496657488884e+002
    -4.4533025164104917e-001 -1.7857416098936960e-002
    6.1516682167541657e-002 5.6644866004526861e-001
    -5.8901466537715478e+001 6.9864170468464431e+002
    -4.4850431187150491e-001 -6.6068153041534293e-003
    6.4012048274162570e-002 5.0509027773486670e+000
    -6.2718133635948902e+001 7.0052792255985923e+002
    -4.3768199576042227e-001 2.6085901238428178e-002
    5.6857756739616384e-002 9.4839477570061579e+000
    -7.5062606959803276e+001 7.0502003676403808e+002
    -4.4633385947817411e-001 3.6605404954771104e-002
    5.4856366903470989e-002 9.6264835456407223e+000
    -7.8888335980922193e+001 7.0902592547209679e+002
    -4.5446524121409704e-001 3.9704169452840221e-002
    5.8032315995168580e-002 1.0211075177916214e+001
    -8.4187804326380942e+001 7.1252443159567849e+002
    -4.4811969762088749e-001 3.6723166889672927e-002
    6.0848003706143461e-002 9.8272291687587252e+000
    -9.1961567511206482e+001 7.1384940364828697e+002
    -3.9049104562451464e-001 4.4308664511121837e-002
    1.5134180994066182e-002 -7.7437714057620326e+001
    -1.3357197455461557e+002 6.9577652415433511e+002
    -3.9334137022503018e-001 3.7096254915920078e-002
    1.1289639718803621e-002 -8.6663180952022799e+001
    -1.3301653927609860e+002 6.9309898406560740e+002</data></Extrinsic_Parameters>
