<?xml version="1.0"?>
<opencv_storage>
<calibration_Time>"11/09/15 23:04:53"</calibration_Time>
<nrOfFrames>25</nrOfFrames>
<image_Width>640</image_Width>
<image_Height>480</image_Height>
<board_Width>9</board_Width>
<board_Height>6</board_Height>
<square_Size>25.</square_Size>
<!-- flags:  +fix_principal_point -->
<flagValue>4</flagValue>
<Camera_Matrix type_id="opencv-matrix">
  <rows>3</rows>
  <cols>3</cols>
  <dt>d</dt>
  <data>
    1.0605968392486529e+003 0. 3.1950000000000000e+002 0.
    1.0625329301661711e+003 2.3950000000000000e+002 0. 0. 1.</data></Camera_Matrix>
<Distortion_Coefficients type_id="opencv-matrix">
  <rows>5</rows>
  <cols>1</cols>
  <dt>d</dt>
  <data>
    -2.1488608451081581e-001 -4.3179362730169775e+000
    2.3502975080237822e-002 1.2950238660262235e-002
    1.6635849478647707e+001</data></Distortion_Coefficients>
<Avg_Reprojection_Error>9.0460241170087730e-001</Avg_Reprojection_Error>
<Per_View_Reprojection_Errors type_id="opencv-matrix">
  <rows>25</rows>
  <cols>1</cols>
  <dt>f</dt>
  <data>
    2.05914187e+000 1.43186104e+000 1.11422300e+000 9.45685148e-001
    1.10491991e+000 7.83898771e-001 5.69748819e-001 6.39436305e-001
    6.44861877e-001 4.43614423e-001 3.99492234e-001 3.44077408e-001
    5.44653475e-001 3.25607181e-001 4.90904868e-001 4.01185870e-001
    3.44060510e-001 3.79969954e-001 4.15165126e-001 6.39486253e-001
    6.79040730e-001 2.30389261e+000 7.11849630e-001 6.13469422e-001
    5.20878553e-001</data></Per_View_Reprojection_Errors>
<!-- a set of 6-tuples (rotation vector + translation vector) for each view -->
<Extrinsic_Parameters type_id="opencv-matrix">
  <rows>25</rows>
  <cols>6</cols>
  <dt>d</dt>
  <data>
    9.4349803908306454e-002 -4.9794894418632711e-002
    1.3588407739933601e-002 -4.0607509668380764e+001
    9.4299570121781944e+000 6.4176416196445871e+002
    1.0848910895221527e-001 3.0523565017652275e-002
    1.4624043435089034e-002 -7.6504937804378530e+000
    -8.2290181956905002e+001 7.0443345511691109e+002
    1.4878694785431082e-001 -4.4952621847387839e-002
    3.7044861823008939e-003 -5.8741807663100751e+001
    -9.4311337703505217e+001 6.7748137615498365e+002
    1.4332072584074021e-001 -6.2913885621897078e-002
    1.3849438987057384e-002 -7.5137817883704471e+001
    -1.0387001523179731e+002 6.6997742136951911e+002
    1.0648852230421257e-001 -9.7171648488298012e-002
    -4.6073472047022085e-002 -1.9451959922024145e+002
    -1.3915757676315729e+002 6.6046264645196766e+002
    -9.1121921833729594e-002 -1.4748649582868001e-001
    -6.9340640767967601e-002 -1.9925143382051954e+002
    -9.9293556938812301e+001 6.8942726333806127e+002
    -6.0623416345652402e-002 -1.2575092901028925e-001
    -6.5607746446271945e-002 -1.9103473587684027e+002
    -8.1639607755177693e+001 7.0051653569718610e+002
    -7.8800122283637461e-002 -1.3102686794990165e-001
    -5.8754031164246032e-002 -1.8495857919660125e+002
    -6.8971132063948218e+001 7.0687398948808436e+002
    -1.2247618661139194e-001 -1.2254743084375530e-001
    -8.5625902948965091e-002 -1.8232295697568776e+002
    -5.3172497402839710e+001 7.1416461847062328e+002
    -9.3603670559264912e-002 -1.0130453202575523e-001
    -8.4921312559567128e-002 -1.7333551788507776e+002
    -4.0826169551981081e+001 7.2116488426044191e+002
    -6.8477473820643953e-002 -9.9597973170085605e-002
    -8.8467844833162126e-002 -1.6182121433956530e+002
    -2.9339199376274259e+001 7.1911460565323387e+002
    -5.2341614328428633e-002 -1.4427643190112202e-001
    -9.4539161445330103e-002 -1.5074542373017036e+002
    -1.0843343824226629e+001 7.0469540282982496e+002
    -1.0764451418902637e-001 -1.3738812712120377e-001
    -1.1588905936332698e-001 -1.5152054779386822e+002
    4.4854416428997670e+000 7.0351536896999983e+002
    -1.1329597317522187e-001 -1.1260623266840313e-001
    -1.0910037797679588e-001 -1.4295254491217597e+002
    7.5850495258661166e+000 7.0891078471937340e+002
    -1.0287479206129166e-001 -1.0464885873932633e-001
    -1.0427698680355801e-001 -1.2322290252211153e+002
    1.1776540600928998e+001 7.0621232858503163e+002
    -1.2595918050507687e-001 -9.3124009855521703e-002
    -1.0783193348644458e-001 -9.4783125397357338e+001
    1.3139843359542370e+001 7.1372374384821762e+002
    -1.3619848723562089e-001 -8.6869632844059352e-002
    -1.0079761933130110e-001 -8.1173140768746606e+001
    1.3845139269207662e+001 7.1994430827609062e+002
    -1.2838608316564537e-001 -8.0503647470499970e-002
    -9.6665917502174611e-002 -7.4634343696934693e+001
    1.4086284439397447e+001 7.2079202621924378e+002
    -1.2352363435679301e-001 -8.9317707320586429e-002
    -8.7228760914305412e-002 -4.5163402003922215e+001
    1.0609007035585838e+001 7.1909153579806241e+002
    -1.0268605050148363e-002 -8.7635751349629074e-002
    4.1264878130480541e-003 -2.5315401858446876e+001
    -1.0617383819635759e+001 7.1401031145338129e+002
    6.1910120385205977e-002 -7.5727129847731542e-002
    6.9772792973925246e-002 -1.2505748143655669e+001
    -2.6424944791195450e+001 7.0815989108195083e+002
    1.9073700504646660e-002 -1.4594667460336153e-001
    2.7066350073602582e-002 3.3681544094520901e+000
    -1.0299595559346199e+002 6.6875161274307550e+002
    9.8646949341257825e-002 -1.0351997009410176e-001
    1.0107083912069548e-002 -4.8926252591716377e+001
    -1.0510045773646959e+002 6.7132632836029825e+002
    5.2564690957615783e-002 -2.2048511372813977e-002
    1.3763480375784733e-002 -6.1411534567361066e+001
    -1.0464766002672926e+002 6.9166865369092352e+002
    3.4220485605664208e-002 -2.0083555702686173e-002
    1.9821209516815014e-002 -7.0363339075546904e+001
    -1.0547936683441810e+002 6.8834279760814502e+002</data></Extrinsic_Parameters>
